2403221393
2403222709
2403232130
2403232180
2403244573
2403254208
2403254282
2403254712
2403254752
2403255230
2403265779
2403266243
2403266784
2403276028
2403276276
2403276607
2403276648
2403277733
2403287515
2403287577
2403287710
2403291473
2403291496
2403291699
2403291767
2404014384
2404014525
2404106142
2404187502
2404224087
2404224432
2404235219
2404246640
2404246718
2404246722
2404257269
2404257325
2404257334
2404257378
2404257788
2404261175
2404261459
2404261480
2404261787
2404272102
2404272308
2404272780
2404282368
2404283162
2404283362
2404283390
2404283677
2404283796
2404294042
2404294668
2404294706
2404294887
2404294958
2404305060
2404305283
2404305284
2404305496
2404305577
2405016570
2405031027
2405031082
2405031171
2405031768
2405042313
2405042324
2405042589
2405042655
2405042711
2405042779
2405042864
2405053251
2405053348
2405054257
2405086255
2405086420
2405086481
2405097346
2405097435-1
2405101513
2405101638
2405101805
2405112125
2405112426
2405112451
2405112612
2405112747
2405123366
2405123481
2405123563
2405123651
2405134070
2405134281
2405134520
2405134614
2405134701
2405134728
2405145531
2405145618
2405145625
2405156324
2405156458
2405156458-1
2405167061
2405167260
2405171161
2405171450
2405171771
2405181505
2405182170
2405182584
2405182642
2405193234
2405193362
2405193384
2405193460
2405204081
2405204243
2405204245
2405204397
2405204610
2405204658
2405204801
2405204801-
2405214942
2405215049
2405215221
2405215517
2405216133
2405225352
2405225415
2405225556
2405225726
2405225784
2405226038
2405236256
2405236333
2405236491
2405237101
2405237297
2405237314
2405237660
2405237689
2405237699
2405241264
2405241679
2405247347
2405247537
2405252072
2406023011
2406023123
2406023189
2406023256
2406023657
2406023682
2406024197
2406024250
2406034034
2406034249
2406034415
2406034517
2406034719
2406034723
2406034831
2406034938
2406034958
2406044044
2406044669
2406044686
2406044742
2406045134
2406045155
2406045190
2406045218
2406045667
2406045704
2406045705
2406046605
2406055059
2406055658
2406056303
2406056319
2406056526
2406056554
2406056614
2406056677
2406067041
2406067087
2406067156
2406067157
2406067545
2406067702
2406067766
2406071144
2406071170
2406071242
2406071252
2406071293
2406071514
2406071740
2406071783
2406071798
2406077140
2406081684
2406082351
2406082373
2406082561
2406092379
2406093431
2406137111-1
2406185144-1
2407024742
2407026189
2407036182_1
2407073733-2
2407073733_1
2407083740
2407084683
2407121427-1
2407142818-1
2407143159
2407143703
2407144029
2407144432
2407144586
2407154104
2407154236
2407164653
2407165055
2407176119
2407176601
2407177205
2407177333
2407177388
2407177613
2407181157
2407181306
2407181424
2407187057
2407187303
2407187783
2407191185
2407191260
2407191265
2407191676
2407191722
2407191806
2407192281
2407192312
2407202046
2407202103
2407202155
2407202206
2407202299
2407202307
2407202449
2407202488
2407213312
2407213376
2407213519
2407213575
2407224537
2407224612
2407224909
2407235157
2407235463
2407235523
2407235532
2407236085
2407236393
2407236588
2407246052
2407246270
2407246705
2407247475
2407247699
2407251013
2407251184
2407251297
2407251479
2407261077
2407261443
2407261642
2407262455
2407262579
2407262707
2407262752
2407272053
2407272435
2407273203
2407273520
2407283309
2407283498
2407283504
2407283634
2407283727
2407284975
2407294191
2407294267
2407294344
2407294402
2407294617
2407295300
2407295661
2407305008
2407305285
2407305607
2407305683
2407305763
2407306487
2407306545
2407316073
2407316254
2407316260
2407316460
2407316620
2408017221
2408017233
2408017256
2408017522
2408017752
2408017860
2408021267
2408021451
2408021638
2408021644
2408021679
2408022599
2408032101
2408032214
2408032257
2408032314
2408032501
2408032553
2408032609
2408032647
2408043006
2408043159
2408043348
2408043353
2408043363
2408043491
2408043537
2408043641
2408043687
2408043787
2408054403
2408087136
2408087340
2408087373
2408087568
2408091031
2408091106
240809123
2408091263
2408091366
2408091784
2408102063
2408102076
2408102078
2408102269
2408102354-1
2408102419
2408102560
2408102887
2408113078
2408113220
2408113258
2408113375
2408113619
2408113723
2408113777
2408113817
2408124378
2408124400
2408124404
2408124909-2
2408135332
2408135446
2408135495
2408135512
2408135538
2408135560
2408135626
2408146413
2408146446
2408146552
2408146639
2408146774
2408157043
2408157071
2408157247
2408157248
2408157269
2408157568
2408157793
2408161010
2408161206
2408161370
2408161372
2408161412
2408161412-1
2408161526
2408161605
2408161645
2408161648
2408161707
2408161774
2408172121
2408172150
2408172155
2408172243
2408172755
2408172774
2408183092
2408183118
2408183260
2408183451
2408183631
2408183752
2408194062
2408194592
2408194666
2408194742
2408194894
2408205299
2408205322
2408205422
2408206368
2408216023
2408216065
2408216160
2408216293
2408216436
2408216475
2408216697
2408216699
2408221304
2408227083
2408227139
2408227209
2408227348
2408227594
2408227670
2408231025
2408231168
2408231198
2408231415
2408231633
2408231661
2408231693
2408242627
2408242757
2408253189
2408253287
2408253436
2408253505
2408253536
2408253539
2408264035
2408264035-1
2408264039
2408264416
2408264774
2408264908
2408264957
2408275255
2408275341
2408275542
2408275662-1
2408275715
2408297025
2408297511
2408297576
2408297659
2408301130
2408301193
2408301197
2408301327-4
2408301443
2408301562
2408312558
2408312577
2408312621
2409013102
2409013334
2409013719
2409013819
2409024219
2409024360
2409024430
2409024797
2409035319
2409035341
2409035354
2409035641
2409035790
2409046011
2409046297
2409046446
2409094548
2409094736
2409094847
2409094909
2409105272
2409105554
2409105572
2409105637
2409106301
2409116050
2409116127
2409116215
2409127219
2409127595
2409131458
2409143509
2409143706
2409143706-1
2409165038
2409165178
2409165238
2409165265
2409165644
2409176028
2409176329
2409176646
2409186489
2409186581
2409197113
2409197226
2409197243
2409197324
2409197423
2409197614
2409197682
2409197704
2409197717
2409197780
2409201022
2409201552
2409201552-1
2409212042
2409212045
2409212053
2409212191
2409212403
2409212491
2409212579
2409212579-1
2409212637
2409212688
2409212744
2409223107
2409223202
2409223358
2409223529
2409223586
2409234065
2409234079
2409234429
2409234604
2409234638
2409234740
2409245108
2409245169
2409245345
2409245594
2409245710
2409245717
2409256032
2409256111
2409267022
2409267079
2409267459
2409267580
2409271018
2409271073
2409271155
2409271210
2409271434
2409271586
2409271676
2409284354
2409284560
2409296745
2409307405
2409307570
2409307607
2409307609
2409307979
2410011079
2410011293
2410011407
2410041145
2410041177
2410041192
2410041250
2410041341
2410041643
2410041777
2410042840
2410047478
2410051223
2410052008
2410052056
2410052166
2410052212
2410052215
2410052240
2410052257
2410052463
2410052683
2410052834
2410061408
2410063170
2410063358
2410063566
2410063581
2410063782
2410063802
2410074363
2410074367
2410085011
2410085155
2410085455
2410085502
2410085534
2410085713
2410096073
2410096086
2410096089
2410096116
2410096163
2410096165
2410096550
2410096580
2410096617
2410096755
2410107054
2410107905
2410111001
2410111041
2410111047
2410111687
2410122129
2410122514
2410122679
2410122910
2410133377
2410133657
2410144262
2410144848
2410155397
2410155469
2410155716
2410155727
2410166057
2410166073
2410166134
2410166381
2410166558
2410166570
2410166577
2410171426
2410177245
2410177469
2410177575-
2410177693
2410177746
2410177788
2410177836
2410177837
2410181003
2410181197
2410192402
2410192514
2410203020
2410203174
2410203678
249296577
2505263444
2505263581
6223